IV- 2.

/\l,,

lxltd DC 3" '4 y-

s of Beer 1n the United States

For the Years ending June 30th,

& Territories

Oklahoma
Oregon
Pennsylvania
Rhode Island
South Carolina
South Dakota

ginja
Washing ton

1 West Virginia
Wisconsin

Total. Barrels

13,180,111

191 5 and 1 916
1915. 1916.

Barrels. Barrels.

35,659
5,912 6, 590
8,535 2, ’510
10,827 6,004
1,281,951 1,382,589
326,138 163,544
760,502 909,114
125,599 132,530
169,973 122,285
29,983 28,218
110,073 80,387
35,194 40,858
23,796 11,830
6,269,757 5,955,231
1,568,028 1,436,099

763,112
502,811
590
1,116,811
2,378,437
1,929,472
1,643,108
3,567,763
241,642
425,919
17,558
282,027
3,219,685
9,168

672,417
547,014
104
1,119,896
2,450,411
2,154,802
1,511,916
3,844,092
276,567
412,924
14,515
279,124
3,278,613
9,850

4,622,581 4,844,239
13 55
181,272 106,260
7,166,300 7,634,211
621,977 650,775
3,767 812
43,052 43,403
89,573 48,548
651,867 706,910
130,121 139,112

4,718,431
14, 872

4,525,027
19,332

12,732,529 .

Increase Decrease

Barrels. ,Barrels.

162, 594
148,612.. .

314:526
131,929
262,266

71, ’974
225,330. ......
131,192
223, 671

12, 995

3, ’043

2,903

.2"... 447, 582
221, 658 .....
42 .... . .

75, 012

59, 808, 210 58, 633, 624 1, 478,904 2,653,490
Net Deorease......1, 174. 586 Barrels.

 

