m. " “-3

- ' ‘ I Supplement- to AMERICAN BBEWERS’ REVIEW. 11

 

p211. cmM_-.~ ﬁgs-pagéwwgﬂ i _
E 4‘ L

Comparison of the Thermometer Scales of
7:; Reaumur, Fahrenheit und Celsius.

to czgto R=2t+32OF

- t01{::;tCC.: 2t+32©R , 2 . 4
: _ ' . tOF. :2,(t'—-3.. )OC.=gt3.-3OR. ‘ 1,

 

i: R. F. C. R. F. C. R. ‘F. c. I R. F. -C.

2 —-16 ——4 ——20 16 68 20 48 140 60 80 212 100
~19 16.8 69.8 21 48 8 141 8 61 80 8213.8 101 _
——18 17.6 71.6 22 49.61436 62 81.6 215.6 102 ' * 7
——17 18.4 73.4 23 50.41454 63 82.4 217.4 103 . 2 1*
‘ ——16 19.2 75.2 24 51.2 147.2 64 83.2 219.2 104 »

2
4
4
2
.0415 20 77 25 52 149 65 ‘84 221 105 .1»
8
6
4
2

 

—-—14 20. 8 78.8 26 252.8 150.8 66 84 8 222 8 106
~13. 21. 6 80.6 27 53.61526 67 85.6 224.6 107
——12 22. 4 82 4 28 54.4 154.4 68 864 226.4108
——-11 23. 2 84.2 29 55 2 156.2 69 87.22282 109

14 ——10 24 86 30 56 158 70 88 2.30 110
15.8— 9 24.8 87.8 31 56 8159.8 71 88.8 231.8 11]
17. 6—- 8 25.6 89.6 32 57. 6 161.6 72 89.6 233.6 112
19. 4— 7 26.4 91.4 33' 58.41634 73 90.4 235.4 113
6
—5

//

 

 

21.2— 27.2 93.2 34 59.21652 74 9122372114 '
28 95 35 60 167 75 92 239 115

 

 

a

28.8 96.8 36 60.8 168.8 76 92.8 240.8 116
29 6 98.6 37 61.6 170.6 77 93.6 242.6 117‘
30 4.1004 38 62.4 172.4 78 94.4 244.4 118
31.2. 102.2 39 263.2 174 2 79 95 2 246.2 119

~—4
3
2
——1
0 .32 104 40 64 176 80 96 248 120
8 2 1 32.8 105.8 41 64.8177.8 81 96.8 249.8 121
6 35. 6 2 33.6 107.6 42 65 6 179.6 82 97.6 252.6 122
4 3
2 4

5

6

7

8

 

N
(I?
14:.
11 11

 

34.41094 43 66.4 181.4 83 98.4 253.4 123
35.2 111.2 44 67.2 183.2 84 99.2 255.2 124

36 * 113 45 68 185 , 85 100 257 125‘
8 36.8 114.8146 68.8 186.8 86 100.8 258.8 126
6 44. 6 37.6 116.6 47 69.61886 87 101.6 260.6 127
.4 46. 4 38.4 118.4 48 70.4 190.4 88 102.4 262.4 128
21 48.2 9 39.2 120.2 49I 71.2 192.2 89 103.2 264.2 129

‘ 50 10 ‘40 122 50 72 194 90 104 266 130
8’ 51.8 11 40.81238 51 72. 8 195.8 91 104.8 267.8 131 '
6 53. 6 12 41.6 125.6 52 73 6 197.6 92 105. 6 269. 6 132
.4 55. 4 13 42.4 127.4 53 74. 4 199.4 93 106 4 271. 4 133
2

57.2 14 43.2 129.2 54 75.2 201.2 94 107. .2i273. .2 134

1 ‘ 12 59 15 44 131 55 76 203 95 108 275. _ 135
2 12.8 60.8 16 44.8 132.8 56 76.8 204.8 96 108. 8276. 8 136
i; 2;;- 13 6 62.6 17 45.6 134.6 57 77.6 206.6 97 109. 6278. 6 137
'52:. 14.4I 64.4 2 18 46 4 136.4 58 78 4208.4 98 110 4280 4 138 -
.1": . 15.2. 66.2 . 19 47.21382 59 .79 2210.2 99 111. 2282. 2 139 -

 

 

41
42. 8

 

 

 

 

 

 

 

 

 

   

