Supplement to AMERICAN BREWERS’ REVIEW.

13

_______________________________._____——-————-———-———--

Table for the Comparison of Differént Saccharometers with Specific
Gravity and giving Pounds of Extract in Wort per W. of 3| gals.

 

 

 

 

 

 

 

 

 

 

 

  
  
 
 
  
  

 

 

 

 

 

 

 

  
 
 
 

 

4 b1) - é” o t». +3; ,- s. 53: 5.” 0 >3
=35 5 '3 ‘ 3.8 i ~21 '53 8 '3 3.5
Mp3 *4 g mo {:1 84‘” M m .4 {'5 (/15
0.00 0.00 0.00 1.000 0.00 ‘1200 17.451464 1.0488
.25 .36 .30 1.001 0.65 .25 .83 .96 1.0498
.50 .72 .60 1.002 1.30' .50 18.021 15.28 1.0509
.75 1.08 .90 1.003 1.95 .75 .60 .60 1.0520
1.00 .44 1.20 1.004 2.60 13.00 .99 .92 1.0530
".25 .80 _ .50 1.005 3.25 .2519.38 16.24 1.0540
1’ .50 2.16 .801.008 3 91 .50 .77 .55 1.0551
.75 .52 2.41 1.007 4.57 .75 20.16 .86 1.0562
2.00 .88 .40 1.008 5.22 14.00 .55 17 17 1.0572
.25 3.24 .70 1.009 5.88 .25 .94 .48 1.0582
.50 .60 3.00 1.010 6.54 .50 21.33 .80 1.0593
.75 .96 .30 1.011 7.20 .75 .72 18.12 1.0604
3.00 4.32 .60 1.012 7.86 15.00 22.11 .43 1.0614
.25 .68 .90 1.013 8.53 .25 .50 .75 1.0625
.50, 5.04 4.20 1.014 9.19 .50 .89 19.07 1.0636
.75 .40 .50 1.015 9.86 .75 23.27 .39 1.0646
4.00 .76 .80 1.016 10.52 16.00 .66 .71 1.0657
.25 6.12 5.10 1.017 11.19 .25 24.05 20.03 1.0668
.50 .48 .40 1.018 11.86 .50 .44 .35 1.0679
.75 .84 .70 1.019 12.53 .75 .83 .67 1.0690
5.00 7.20 6.00 1.020 13.20 17.00 25.22 21.00 1.0700
.25‘ .56 .30 1.021 13.87 .25 .61 .33 1.0711
.50 .92 .60 1.022 14.55 .50 26.00 .66 1.0722
.75 8.28 .90 1.023 15.22 .75 .39 .99 1.0733
6.00 .64 7.20 1.024 15.90 18.00 .78 22.32 1.0744
.25 9.00 .50 1.025 16.58 .25 27.17 .65 1.0755
.50 .36 .80 1.026 17.26 .50 .56 . .98 1.0766
.75 .72 8.10 1.027 17.94 .75 .96 23.31 1.0777
7.00 10.08 .40 1.028 18.62 19 00 28.36 .64 1.0788
.25 .44 .70 1.029 19.30 .25 .76 .97 1.0799
.50 .80 9.00 1.030 19.99 .50 29.16 24.30 1.0810
.75 11.16 .30 1.031 20.67 .75 .56 .63 1.0821
8.00 .52 - .60 1.032 21.36 20.00. ..95 .96 1.0832
.25 .96 .96 1.0332 22.05 .25 30.34 25.29 1.0843
.50 12.32 10.26 1.0342 22.74 ' .50 .73 .62 1.0854
.75 .68 .57 1.0352 23.43 .75 31.12 .95 1.0865
9.00 13.04 .88 1.0363 24 12 21 00 .50 26.27 1.0876
.25 .40 11.19 1.0374 24.81 ‘ .25 .87 .60 1.0887
.50 .76 .50 1.0384 25.51 .50 32.25 .93 1.0898
‘ .15 14.12 .81 l 0394 26 20 .75 .64 2726 1.0909
-- 10.00 .48 12.11 1.0404 26 90 22.00 33.04 .59 1.0920
.25 .84 .42 1.0415 27.60 .25 .44 .92 1.0931
.50 15.21 .73 1.0425 28.30 .50 .84 28.25 1.0942
.75 .58 13.06 1.0436 29.00 .75 34.23 .58 1.0953
1’ 11.00 .95I .37 1.0446 29.70 23.00 .63 .91 1.0964
.25 16.321, .68 1.0457 30.41 .25 35.03 29:24 1.0975
.50 .69|14.00 1.0467 31.11. .50 .43 .57 1.0986
.75 17.07 .32 1.0478 31.82 .75 .83 .90 1.0997
' 1 ' 24.00 36.23 30.23 1.1008

  
   

in lbs. .-

Eitract
per bbl.

 

32.52 '
33.23
33.94
34.65
35.36 .
36.07
36.79
37.50
38.22
38.94
39.66
40.38
41.11
41.83
42.55
43.28
44.00
44.73
45.46
46.19
46.92
47.66
48.39
49.13
49.86,
50.60
51.34
52.08
52.82
53.57
54.31
55.06
55.80
56.55
57.30
58.05
58.80
59.56
60.31
61.07
61.82
62.58
63.34
64.10
64.86
65.63
66.39
67.16
67.92

 

