156 I BREWERS’ GUIDE.

Table for the Comparison of Different Saccharometers with Specific
Gravity and giving Pounds of Extract in Wort per bbl. of 31 gals.

in Lbs.

Kaiser
Balling.
per bbl.
Kaiser
Bailing.
Extract
per bbl.
in lbs

m'

.L U
in :- cf?
an “3 8;
r: '2 42:3
0 0 £21..
1-1 (5 U20

0.00 0.00 0.00‘1500 000 12. 00

' Extract

, '17. 45 14.64 1. 0488 32.52
1.001 0. 65’ .25 .83 .96 1 0498 33.23
1.002 1. 30 .50 18.21-15.28 1.0509 33.94
1.003 1. 95 .75 .60 .60 1.0520 34.65
1.004 2 .6'0 13 00! .99 .92 1.0530 35.36
1.005 3. 25 .25 19.33 16.24 1.0540 36.07
.1 006 . 3.91 .50.77 3 . 7 36.79
1.007 4. .57l .75 20.16 .86 1.0562 37.50
1.008 5. 22 14 00I .55 17.1 1.0572 38.22
,1.009 .. j .25 .94 . %_4 '2. 38.94
1.010 : . 50155933956
1.011 .1- . 128.12 1.0604 40.38
1.012 .. .43 1 0614.41 11
1.013 .. . .7515625 41.83
1.014 . , u . 19.07 L 0636 42. 55
1.015 ' .75 23.27 .39 1. 0646 43. 28
1.016 10. 52 16.00 .66 .71 1. 0657 44. 00
.25 6.12 5.10 1.017 IL .19. .25 24.05 201N31.0668 44 73
.50 .48 .40 1.018 11. 86 .50 .44 .35 1.0679 45.46
.75 .84 .70 1.019 12.53 .75 .83 .67 1.0690 46.19
5.00" 7.20 6.00 1.020 13.20 17.00 25.22 21.00 1.0700 46.92
.25 .56 .30 1.021 13.87 .25 .6. .33 1.0711 47.66
.50 .92 501.022 .1455. .50 26.03) .66 1.0722 48.39
.75 8.28 ’ .9 1.023 915.22{- .75 ..39 _ .99 1.0733 49.13
6.00 .64 7.20 1.024 15.90 18.00 .78 22.32 1.0744 49.86
.25 9.00 .50 1.025 16.58 .25 27,17 .62 1.0755 50.60
.50 .36 .80 1.026 17.26 .50 .56 .9 1.0766. 51.34
.75. .72 8.10 1.027 17.94 .75 .96 23.31 1.0777 52 08
‘7JM)10.08 .40 1.028 18.62 19.00 28 36 .64 1.0788 52.82
.25 .44 .70 1.029 ,19.30 . .25. .76 .97 1.0799 53.57
.50 .80 9.001.030 19.99 .50 29.16 24.30 1.0810 54.31
.75 11 16 .30 1.031 20.67 .75 .56 .63 1.0821 55 06
8.00 .52 .60 1.032 21.36 20.00 .95 .96 1.0832. 55.80
.25. .96 .96-1.0332 22.05 .25 30.34-25.29 158435655
.5012 3210.26 . - 2. .50 .73 .62.L08545n230
.75 .68 .57 1.0352 23 43 .75_31.12- .95 1.0865 58.05
91x113.04 .88 1 0363 24.12 21.00.50 26.27 1.0876 58.80
.25 .40.11.19_1.0374 24.81- .25: .87 .60 1.0887 59.56
.50 .76 ..50 1.0384 25.51 50‘. 32. 25 .93 1.0898 60.31
.75 14 12_ .81 1.0394_26.20 .75, .64 27. 26 1 0909 61.07
10 00 .48 12.11 1.0404 26.90 22. .00!33. .04 .59 1.0920 61.82
.25 .84. .42 1 0415 27.60.44 .92 1.0931 62.58
5015.21 .73 154252830 5210!.84 28.25 1.0942 63.34
.75 .58 13.06 1.0436 29.00 75' 34.23 .58 1.0953 64 10
11.00 .95 .37 1.0446.29.70123.00! xx; .91 1.0964 64.86
.25 16 32 .68 1. 0457 30. 41 .25 35.03 29.24 1.0975 65.63
'50 .69 14. 00 L 0467 31.11 .50 .43 .57 1. 0986 66. 39
.75 17 07 31.82 .75 .83 .£K)L 0997 67.16
I 24. 00 36. 2.3130 23‘1. 1008 67.92

.25 .36» .30
.50 .72 .60
.75 1.08 .90
1.00 .44 1.20
.25 g8 .80 .50
.50 2.16 .80
,.75 .52 2.41
2.00 _.88 .40
.25. 3.24 .70
.50 .60 3.00
.75 ' .96 .30
3.00 4,32 .60
.25 .688 .90
.50 5,04 4.20
.75 .40 .50
4200 .76 .80

 

 

