  
 
  

BBEWERS’ GUIDE.

________________________________________

Circumference and Area of Circles with
Diameters .1 to 240..—Continued.

Diam.

l

- 145 455.
146 458.
147 46,1.
148 464.
149 468.
150 471.
151 474
152 477
153 480.
154 483
155 486.
156 490.
157 493

158 496.
159 499.
160 502.

161505

162 508.

163 512

164 515.

165 518.

166 521.

1671524

168.527.
169:530.
170.534.
171 537.
172 540.
173 543.
174 546.
175 549.

1761552

 

Circum-
fereuce

 

Area

81 16971

18145

64 21904

78 22167.
93 22431 .

07 22698

31 22965.
35123235.
49 23506.
0323778.
7824052.

5336513.
6716714.
.70
9517203.
0917436.
2417671.
.3817907.
.52
66h8385.
.8018626.
9418869.
0819113.
.2319359.
3719606.
5119855.
6520106.
.7920358.
9320612.
.0820876.
2221124.
3621382.
5021642.
.02

03
58

40
66
50
90

.88

42
54
23
49
32
72
69
04
35
03
20
11
51
48

12
80
06
88
27
23
77
87

92‘24328. 55

 

Dlam
Circum-

177556.
178 559.
179562.
180565.
181568.
182571.
183574.
184578.

I
1222
187b87:
188590.
189593.
190 596.
191600.
13423.1-
194'609:
1321612-
197312.
198:622':
199‘625.
200628.
SOUG31.
23333;.
204640.

' .
205644.
206647.
207650.
908ﬁ53.

 

ference

 

Area.

06 24605

71 26302

0526590.
1926880.
.69
4727464.
62 27759.
.27
.94
0428652.
.98
.36
4729559.
.83

33 27171

76 28055
90 28352

18 28952
32 29255

61 29864
75
89

32
6032047

I

88B2685
02'
16
31
45

33653

 

30171 .
30480.
03 30790.
17 31102.

31416.
4631730.
.46
74 32365.
.20
33006.
33329.
.60
33979.

.79
20 24884.
34 25165.
48 25446.
62 25730.
77 26015.
.26

61
00
96
48
58

50
31

65
17

17

31

92
60
82
52
00
94

54

43
23

54

Dlam
Circum‘

210659.
211662.
212666.
213669.
214672.
215b75.
216678.
217681.
218p84.
219ﬁ88.
220691.
22ﬂ694.
222697.

223'

700.
.224703.
225706.
226ﬂ10.
227W13-
228716.
229719.
230322.
2311725.
232328.
233731.
234735.
235738.
236741.
237744.
238747.
239750.
240753.

 

ference

 

63
9’
Q

87
01 35299
1635632

3055968

 

4426305.
.62
.70
34 .

5336643
7236983
6
1
538013
938359
4338707
57
71
86l

0040115
1450470

8
0
1
2

 

56 41547

85
99'
13.43005
2743373
41 43743

5534115.
6944488.
8444862.
45239.04

98l

 

1
'37325.
I37668.
1

42638.58
.36
.71
.63

209 656.59'34307 .05 «
73 34636.
34966.

14
79

.01
.81
.17

11

56

.36
.72
.65
39057.
39408.
39760.
.09
.87
2840828.
42A1187.
.66'
7041909.

42273.

51
23
87

23
16

72
36

1.1
19
83

 

 

 

 

   

 
    
  
    
    
     
 
   
   
    
     
    
 
    
 

:7» HAS

 

