   
 
  
    
  
  
  
   
   
  
  
   
   
  
   
  
  
 

BREWERS’ GUIDE.

BARLEY.

(Import duty since 1884, 10 cents per bushel; before that it was

  
  
 

15 cents per bushel. Import duty since 1890, 30 cents per bushel.)

Importation of Foreign Barley.

 

 

. Value
Bushels. in

| Dollars.
1895 ............................ 2,116,816 867,733
1894 ....................... 791,061 358,744
1893 ............................ 1,970,129 921,605
1892 ............................ 3,146,328 1,592,040
1891 ....................... 5,078,733 3,322,593
1890 ............................ 11,332,545 5,629,849
1889 ............................ 11,368,414 7,723,838
1888 ............................ 10,831,461 8,076,083
1887 ............................ 10,336,875 6,152,825
1886. ...................... 9,975,088 6,899,960
1885 ...... . .................... 9,086,813 6,380,601
1884 ............................ 8,661,715 5,949,256
1883 ............................ 9,994,066 7,573,493
1882 ............................ 12,221,778 10,888,628

Exportation of Domestic Barley.
Value
Bushels. in

Dollars.
1.895 ........................... 1,563,754 767,228
1894 ............................ 5,219,405 2,379,714
1893. ................... 3,035,267 1,468,843
1892 ............................ 2,800,075 1,751,445
1891 ............................ 973,062 669,203
1890 ............................ 1,408,311 754,605
1889 ........................... 1,440,321 853,490
1388 ............................ 550,884 317,239
1887 .......................... 1,305,300 853,405
1886 .......................... 252,183 166,330
1885 ............................ 629,130 346,302
1884 ............................ 724,955 403,622
1883 ............................ 433,005 299,137

 

 

 

 

 

  

  

 

 

 

 

    
         
   
   
     
         
     
        

4—1:.

