  

180

 

........................

000000000000000000000000

ooooooooooo

oooooooooooooooooooooooo

cccccccc

nonoo-uooy
oooooooooo
oooooooooo
..........
..........
.....
oooooooooo
oooooooooo
ooooooooo
..........

.........
..........
..........
oooooooooo
----------
..........

.........
..........

 

BREWERS’ GUIDE.

000000000

Gallons.

IN BOTTLES.

Dozens.

1,076
1,570
2,205
3,443
2,897
3,633
7,045
37,847
76,475
125,873
146,739
164,276

‘176,426

220,792
238,228
233,816
352.898
372,432
395,424
375,059
395,373
413,278
402,358
417,704
351,615
426,777

 

Value in
Dollars.

2,250
4,077
5,340
7,712
6,245
7,600
13,007

51,077 ’

108,279
204,282
262,450
292,421

. 328,405

409,348
451,681
436,321
590,608
590,378
644,125
575,089
583,927
602,641
589,784
600,319
471,589
492,448

 

 

!
1

 

2,256,193
2,292,095.
2,516,894
2,530,681
2,680,030
3,(82,977
2,929,581
3,365,389
2,910,540
2,971,676

 

Import of Foreign Beer, Ale, Porter, and'other Malt
Liquors for the last ten fiscal years.

Value.

31,231,388
1,255,164
1,363,858
1,361,990
1,427,608
1,765,702
1,709,960
1,940,370
1,510,767
1,514,845

Export of Beer and Ale of Domestic Produce.

 

IN CASKS.

Gallons

66,467
105,213

77,639
103,009

99,135

61,661

99,310
144,224
119,579

93,014
111,308
201,376
141,978
215,938
236,896
170,118
233,941
203,972
146,226
170,059
258,411
242,991
260,724
245,497
307,077
258,620

1

Value in
Dollars.

23,759
34,301
27,829
36,743
33,357
16,604
29,657
40,138
38,918
34,087
36,368
55,367
55,791
81,094
73,089
55,097
76,755
66,335
42,717
50,307
70,481
69,602
68,150
65,219
77,390
66,322

 

 

    
  
     
  
  
   
   
  
  
  
  
  
  
 
  
    
        
 
     
  
 
 
 
   
  
   
    
   
  
  
  
   
 
      

 

 

 

 

 

 

 

 

   

W

