 

 

BREWERS’

GUIDE.

Squares and Cubes, and Square and Cube 11001801 Nos. from 1 to 100.

1 

100

‘.144
.1 169
1 196
. 225
'256
289
324
.3 361
1 400
441
484
529
576
~ ‘625
676
729
28 784
29 841
30 900
31 961
321024
331089
3411156
#1225
364296
3%1369
384444
‘ 399521
401600
41h681
42 1764
431849
44 1936
452025
46 2116
47

 

121674.
138244.
156255.
175765.
196835.
219525.~
243895.
270005.

297915

327685.
359375.
393045.
428755.
466566.
506536.
548726.
593196.
640006.
68921 6.
740886.

795076
85184 6.
911256.
973366

4823041105926.

4924011176497. .

502:)001250007

1

.i

132651

21113

115746417. 34853.
16637517. 4162'3.

175616
185193
195112
205379
216000
226981
238328
250047
262144
274625
287496
300763
314432
328509

‘343000

357911
373248
389017
405224
421875
438976
456533
474552
493039
512000
531441_

'551368

.- 99; 9801
.6840 10010000100000010. 00004.

571787
592704
614125
636056
658503
681472
704969
729000
753571
778688
804357
830584
8573%
884736
912673
941192
970299

|

7. 4833’3.
7 54993

.74603
.81023
.87403
.93733
. 0000 4
.06234

-24624

oooooowoooomoomooocQ-J-J-Ita-«I

8-77504

8-88824
8- 94434

9 00004.
9 05544.
.3621
.3795
.3968
.4140
.4310

9 1104 4
9 16524
9- 21954
9 27364
9- 32744

9 38084,
.4647
.4814
9 53944.
9. 59174.

9 43404
9 48684

9. 64374
9. 69544.
9.74684.
9. 79804.
9. 84894.
9 89954.
9 94994.

7.14149.
140608 7.
14887717.2 0801l3

7084

.7325

7563
7798
8030
8259

.8485
61583.
68113.
.9149
.9365
.9579
.9791
.0000
.0206
.12404.
-18544.

709
8930

0412
0615

.0817
-30664.
-36664.
.42614.
.48534.
.54404.
-60234.
8»66034.
8-71784.
.2543
8-83184.
.2908
.3089

1016
1213
1408
1602
1793
1983
2172
2358

2727

3267
3445

4480

4979
5144
5307
5468
5629
5789
5947
6104
6261
6416

/

”rm

 

