 

 

Sales of Beer in the United States

For the Years ending June 30th,

1914 and 1915

 

States 81 Territories.

1914. 1915.

Increase Decrease

 

4, rkansas
alifornia
Colorado
Connecticut
Delaware
1 '4j.181}. of Columbia.
1, I lorida ...............

1 Kentucky
,. Louisiana
. | ‘

I assachusetts
Michigan
1 p1 innesota
* I' issouri
Montana
Nebraska
- Nevada
I eW Hampshire...
. I ew Jersey
I ew Mexico

_ Oregon

1 elnnsylvania
1' hode Island
.outh Carolina
outh Dakota

x ‘ irginia

, " ashington

, " est Virginia
. "isconsin

: "yoming

otal. Barrels

Barrels. Barrels.

45,426
8,983
21,235
10,950
1,390,890
374,853
786,272
137,820
230,944
25,455
142,430
31,335
20,545
6,987,568
1,769,038
503,370
20
858,515
524,965
1,631
1,177,744
2,521,618
2,113,494
1,749,555
4,142,160
288,247
453,640
17,580
283,100
3,495,594
8,637
14,040,387
5,147,419

1,281,951
326,138
760,502
125,599
169,973

29,983
110,073
35,194
23,796

6,269,757

1,568,028
472,764

502,811

, 590
1,116,811
2,378,437
1,929,472
1,643,108
3,567,763
241,642
425,919
17,558
282,027
3,219,685
9,168
13,180,111
4,622,581
13
181,272
7,166,300
621,977
3,767
43,052
89,573
651,867
130,121
164,517
876,962

212,276
8,008,786
691,734
4,607
44,557
225,923
740,502
149,715
197,035
965,562
342,942
5,278,989
15,425

4,178,431
14,872

66,189,473 59,808,210

 

 

Barrels. Barrels.

9,767
3,071
12,700
123
108,939
48,715
25,770

717,811
201,010
30,606
20
95,403
22,154
1,041
60,933
143,181
184,022
106,447
574,397
46,605
27,721
22
1,073
275,909
860,276
524,838

31,004
842,486
69,757
840
1,505
136,350
78.635
19,594
33,528
88,600
342.942
560,558
553

12,180 6,369,076

Net Decrease ...... 6,381,256 Barrels.

 

